1.880000000000000000e+02 3.120000000000000000e+02 1.300000000000000000e+02 1.830000000000000000e+02 1.250000000000000000e+02 2.420000000000000000e+02 3.070000000000000000e+02 2.370000000000000000e+02 2.490000000000000000e+02 1.330000000000000000e+02
1.580000000000000000e+02 1.600000000000000000e+02 1.040000000000000000e+02 1.110000000000000000e+02 8.400000000000000000e+01 1.580000000000000000e+02 1.920000000000000000e+02 1.410000000000000000e+02 1.440000000000000000e+02 1.280000000000000000e+02
1.510000000000000000e+02 1.910000000000000000e+02 1.370000000000000000e+02 1.400000000000000000e+02 8.900000000000000000e+01 1.750000000000000000e+02 1.960000000000000000e+02 1.500000000000000000e+02 1.610000000000000000e+02 1.060000000000000000e+02
1.620000000000000000e+02 2.540000000000000000e+02 2.040000000000000000e+02 1.810000000000000000e+02 1.370000000000000000e+02 2.300000000000000000e+02 3.000000000000000000e+02 1.720000000000000000e+02 2.980000000000000000e+02 1.350000000000000000e+02
1.890000000000000000e+02 2.370000000000000000e+02 1.410000000000000000e+02 1.820000000000000000e+02 1.430000000000000000e+02 1.950000000000000000e+02 2.570000000000000000e+02 1.980000000000000000e+02 2.320000000000000000e+02 1.320000000000000000e+02
2.010000000000000000e+02 2.410000000000000000e+02 2.150000000000000000e+02 1.540000000000000000e+02 7.900000000000000000e+01 2.150000000000000000e+02 2.790000000000000000e+02 1.820000000000000000e+02 2.100000000000000000e+02 1.320000000000000000e+02
1.620000000000000000e+02 2.200000000000000000e+02 2.450000000000000000e+02 1.850000000000000000e+02 1.020000000000000000e+02 2.140000000000000000e+02 2.580000000000000000e+02 1.930000000000000000e+02 1.960000000000000000e+02 8.600000000000000000e+01
9.000000000000000000e+01 1.380000000000000000e+02 1.180000000000000000e+02 1.200000000000000000e+02 1.000000000000000000e+02 1.100000000000000000e+02 1.520000000000000000e+02 1.030000000000000000e+02 1.630000000000000000e+02 5.700000000000000000e+01
1.890000000000000000e+02 2.390000000000000000e+02 1.890000000000000000e+02 1.360000000000000000e+02 6.200000000000000000e+01 1.580000000000000000e+02 3.010000000000000000e+02 1.550000000000000000e+02 2.500000000000000000e+02 1.260000000000000000e+02
1.100000000000000000e+02 2.030000000000000000e+02 1.670000000000000000e+02 1.450000000000000000e+02 1.400000000000000000e+02 2.130000000000000000e+02 2.520000000000000000e+02 1.140000000000000000e+02 3.060000000000000000e+02 1.200000000000000000e+02
